{
 "cells": [
  {
   "cell_type": "code",
   "execution_count": 23,
   "metadata": {},
   "outputs": [],
   "source": [
    "import os\n",
    "import sys\n",
    "import numpy as np\n",
    "import pandas as pd\n",
    "from sklearn.decomposition import PCA\n",
    "from sklearn.preprocessing import StandardScaler\n",
    "from sklearn.model_selection import train_test_split\n",
    "from scipy.stats import zscore\n",
    "from statsmodels.stats.outliers_influence import variance_inflation_factor"
   ]
  },
  {
   "cell_type": "code",
   "execution_count": 3,
   "metadata": {},
   "outputs": [
    {
     "data": {
      "text/plain": [
       "'c:\\\\Users\\\\digvi\\\\OneDrive - IIT Kanpur\\\\ResoluteAi_task_2\\\\research'"
      ]
     },
     "execution_count": 3,
     "metadata": {},
     "output_type": "execute_result"
    }
   ],
   "source": [
    "%pwd"
   ]
  },
  {
   "cell_type": "code",
   "execution_count": null,
   "metadata": {},
   "outputs": [],
   "source": []
  },
  {
   "cell_type": "code",
   "execution_count": 4,
   "metadata": {},
   "outputs": [],
   "source": [
    "os.chdir('../')"
   ]
  },
  {
   "cell_type": "code",
   "execution_count": 5,
   "metadata": {},
   "outputs": [
    {
     "data": {
      "text/plain": [
       "'c:\\\\Users\\\\digvi\\\\OneDrive - IIT Kanpur\\\\ResoluteAi_task_2'"
      ]
     },
     "execution_count": 5,
     "metadata": {},
     "output_type": "execute_result"
    }
   ],
   "source": [
    "%pwd"
   ]
  },
  {
   "cell_type": "code",
   "execution_count": 10,
   "metadata": {},
   "outputs": [
    {
     "data": {
      "text/html": [
       "<div>\n",
       "<style scoped>\n",
       "    .dataframe tbody tr th:only-of-type {\n",
       "        vertical-align: middle;\n",
       "    }\n",
       "\n",
       "    .dataframe tbody tr th {\n",
       "        vertical-align: top;\n",
       "    }\n",
       "\n",
       "    .dataframe thead th {\n",
       "        text-align: right;\n",
       "    }\n",
       "</style>\n",
       "<table border=\"1\" class=\"dataframe\">\n",
       "  <thead>\n",
       "    <tr style=\"text-align: right;\">\n",
       "      <th></th>\n",
       "      <th>T1</th>\n",
       "      <th>T2</th>\n",
       "      <th>T3</th>\n",
       "      <th>T4</th>\n",
       "      <th>T5</th>\n",
       "      <th>T6</th>\n",
       "      <th>T7</th>\n",
       "      <th>T8</th>\n",
       "      <th>T9</th>\n",
       "      <th>T10</th>\n",
       "      <th>T11</th>\n",
       "      <th>T12</th>\n",
       "      <th>T13</th>\n",
       "      <th>T14</th>\n",
       "      <th>T15</th>\n",
       "      <th>T16</th>\n",
       "      <th>T17</th>\n",
       "      <th>T18</th>\n",
       "      <th>target</th>\n",
       "    </tr>\n",
       "  </thead>\n",
       "  <tbody>\n",
       "    <tr>\n",
       "      <th>0</th>\n",
       "      <td>-70</td>\n",
       "      <td>-61</td>\n",
       "      <td>-66</td>\n",
       "      <td>-53</td>\n",
       "      <td>-51</td>\n",
       "      <td>-63</td>\n",
       "      <td>-82</td>\n",
       "      <td>-57</td>\n",
       "      <td>-76</td>\n",
       "      <td>-78</td>\n",
       "      <td>-66</td>\n",
       "      <td>-66</td>\n",
       "      <td>-61</td>\n",
       "      <td>-59</td>\n",
       "      <td>-73</td>\n",
       "      <td>-75</td>\n",
       "      <td>-63</td>\n",
       "      <td>-77</td>\n",
       "      <td>B37</td>\n",
       "    </tr>\n",
       "    <tr>\n",
       "      <th>1</th>\n",
       "      <td>-77</td>\n",
       "      <td>-74</td>\n",
       "      <td>-71</td>\n",
       "      <td>-76</td>\n",
       "      <td>-65</td>\n",
       "      <td>-63</td>\n",
       "      <td>-66</td>\n",
       "      <td>-52</td>\n",
       "      <td>-55</td>\n",
       "      <td>-75</td>\n",
       "      <td>-72</td>\n",
       "      <td>-75</td>\n",
       "      <td>-74</td>\n",
       "      <td>-61</td>\n",
       "      <td>-64</td>\n",
       "      <td>-63</td>\n",
       "      <td>-53</td>\n",
       "      <td>-63</td>\n",
       "      <td>B61</td>\n",
       "    </tr>\n",
       "    <tr>\n",
       "      <th>2</th>\n",
       "      <td>-53</td>\n",
       "      <td>-38</td>\n",
       "      <td>-55</td>\n",
       "      <td>-66</td>\n",
       "      <td>-62</td>\n",
       "      <td>-62</td>\n",
       "      <td>-65</td>\n",
       "      <td>-70</td>\n",
       "      <td>-62</td>\n",
       "      <td>-52</td>\n",
       "      <td>-56</td>\n",
       "      <td>-53</td>\n",
       "      <td>-66</td>\n",
       "      <td>-68</td>\n",
       "      <td>-72</td>\n",
       "      <td>-60</td>\n",
       "      <td>-68</td>\n",
       "      <td>-77</td>\n",
       "      <td>A19</td>\n",
       "    </tr>\n",
       "    <tr>\n",
       "      <th>3</th>\n",
       "      <td>-72</td>\n",
       "      <td>-62</td>\n",
       "      <td>-59</td>\n",
       "      <td>-65</td>\n",
       "      <td>-65</td>\n",
       "      <td>-65</td>\n",
       "      <td>-78</td>\n",
       "      <td>-82</td>\n",
       "      <td>-83</td>\n",
       "      <td>-59</td>\n",
       "      <td>-84</td>\n",
       "      <td>-60</td>\n",
       "      <td>-64</td>\n",
       "      <td>-83</td>\n",
       "      <td>-69</td>\n",
       "      <td>-72</td>\n",
       "      <td>-95</td>\n",
       "      <td>-73</td>\n",
       "      <td>A22</td>\n",
       "    </tr>\n",
       "    <tr>\n",
       "      <th>4</th>\n",
       "      <td>-67</td>\n",
       "      <td>-69</td>\n",
       "      <td>-65</td>\n",
       "      <td>-63</td>\n",
       "      <td>-59</td>\n",
       "      <td>-53</td>\n",
       "      <td>-70</td>\n",
       "      <td>-72</td>\n",
       "      <td>-71</td>\n",
       "      <td>-60</td>\n",
       "      <td>-61</td>\n",
       "      <td>-57</td>\n",
       "      <td>-54</td>\n",
       "      <td>-76</td>\n",
       "      <td>-61</td>\n",
       "      <td>-66</td>\n",
       "      <td>-71</td>\n",
       "      <td>-80</td>\n",
       "      <td>A33</td>\n",
       "    </tr>\n",
       "  </tbody>\n",
       "</table>\n",
       "</div>"
      ],
      "text/plain": [
       "   T1  T2  T3  T4  T5  T6  T7  T8  T9  T10  T11  T12  T13  T14  T15  T16  T17  \\\n",
       "0 -70 -61 -66 -53 -51 -63 -82 -57 -76  -78  -66  -66  -61  -59  -73  -75  -63   \n",
       "1 -77 -74 -71 -76 -65 -63 -66 -52 -55  -75  -72  -75  -74  -61  -64  -63  -53   \n",
       "2 -53 -38 -55 -66 -62 -62 -65 -70 -62  -52  -56  -53  -66  -68  -72  -60  -68   \n",
       "3 -72 -62 -59 -65 -65 -65 -78 -82 -83  -59  -84  -60  -64  -83  -69  -72  -95   \n",
       "4 -67 -69 -65 -63 -59 -53 -70 -72 -71  -60  -61  -57  -54  -76  -61  -66  -71   \n",
       "\n",
       "   T18 target  \n",
       "0  -77    B37  \n",
       "1  -63    B61  \n",
       "2  -77    A19  \n",
       "3  -73    A22  \n",
       "4  -80    A33  "
      ]
     },
     "execution_count": 10,
     "metadata": {},
     "output_type": "execute_result"
    }
   ],
   "source": [
    "df = pd.read_csv('artifacts/data/data.csv')\n",
    "df.head()"
   ]
  },
  {
   "cell_type": "code",
   "execution_count": 13,
   "metadata": {},
   "outputs": [],
   "source": [
    "train_df, test_df = train_test_split(df, test_size=0.2, random_state=42)\n",
    "x_train = train_df.drop('target', axis=1)\n",
    "y_train = train_df['target']\n",
    "x_test = test_df.drop('target', axis=1)\n",
    "y_test = test_df['target']"
   ]
  },
  {
   "cell_type": "code",
   "execution_count": 14,
   "metadata": {},
   "outputs": [
    {
     "data": {
      "text/html": [
       "<div>\n",
       "<style scoped>\n",
       "    .dataframe tbody tr th:only-of-type {\n",
       "        vertical-align: middle;\n",
       "    }\n",
       "\n",
       "    .dataframe tbody tr th {\n",
       "        vertical-align: top;\n",
       "    }\n",
       "\n",
       "    .dataframe thead th {\n",
       "        text-align: right;\n",
       "    }\n",
       "</style>\n",
       "<table border=\"1\" class=\"dataframe\">\n",
       "  <thead>\n",
       "    <tr style=\"text-align: right;\">\n",
       "      <th></th>\n",
       "      <th>T1</th>\n",
       "      <th>T2</th>\n",
       "      <th>T3</th>\n",
       "      <th>T4</th>\n",
       "      <th>T5</th>\n",
       "      <th>T6</th>\n",
       "      <th>T7</th>\n",
       "      <th>T8</th>\n",
       "      <th>T9</th>\n",
       "      <th>T10</th>\n",
       "      <th>T11</th>\n",
       "      <th>T12</th>\n",
       "      <th>T13</th>\n",
       "      <th>T14</th>\n",
       "      <th>T15</th>\n",
       "      <th>T16</th>\n",
       "      <th>T17</th>\n",
       "      <th>T18</th>\n",
       "    </tr>\n",
       "  </thead>\n",
       "  <tbody>\n",
       "    <tr>\n",
       "      <th>T1</th>\n",
       "      <td>1.000000</td>\n",
       "      <td>0.558072</td>\n",
       "      <td>0.308536</td>\n",
       "      <td>0.274607</td>\n",
       "      <td>0.030234</td>\n",
       "      <td>0.021334</td>\n",
       "      <td>0.193447</td>\n",
       "      <td>0.326795</td>\n",
       "      <td>0.275912</td>\n",
       "      <td>0.631593</td>\n",
       "      <td>0.634893</td>\n",
       "      <td>0.549319</td>\n",
       "      <td>0.172072</td>\n",
       "      <td>0.068040</td>\n",
       "      <td>0.098197</td>\n",
       "      <td>0.244360</td>\n",
       "      <td>0.292204</td>\n",
       "      <td>0.297909</td>\n",
       "    </tr>\n",
       "    <tr>\n",
       "      <th>T2</th>\n",
       "      <td>0.558072</td>\n",
       "      <td>1.000000</td>\n",
       "      <td>0.408509</td>\n",
       "      <td>0.280626</td>\n",
       "      <td>0.019300</td>\n",
       "      <td>0.018229</td>\n",
       "      <td>0.209195</td>\n",
       "      <td>0.318018</td>\n",
       "      <td>0.286736</td>\n",
       "      <td>0.582062</td>\n",
       "      <td>0.545676</td>\n",
       "      <td>0.438613</td>\n",
       "      <td>0.282152</td>\n",
       "      <td>0.051051</td>\n",
       "      <td>0.181266</td>\n",
       "      <td>0.241650</td>\n",
       "      <td>0.333168</td>\n",
       "      <td>0.356767</td>\n",
       "    </tr>\n",
       "    <tr>\n",
       "      <th>T3</th>\n",
       "      <td>0.308536</td>\n",
       "      <td>0.408509</td>\n",
       "      <td>1.000000</td>\n",
       "      <td>0.455848</td>\n",
       "      <td>0.262878</td>\n",
       "      <td>0.114038</td>\n",
       "      <td>0.101489</td>\n",
       "      <td>0.134850</td>\n",
       "      <td>0.140588</td>\n",
       "      <td>0.324299</td>\n",
       "      <td>0.390235</td>\n",
       "      <td>0.449677</td>\n",
       "      <td>0.347594</td>\n",
       "      <td>0.098129</td>\n",
       "      <td>0.119221</td>\n",
       "      <td>0.092162</td>\n",
       "      <td>0.169834</td>\n",
       "      <td>0.138519</td>\n",
       "    </tr>\n",
       "    <tr>\n",
       "      <th>T4</th>\n",
       "      <td>0.274607</td>\n",
       "      <td>0.280626</td>\n",
       "      <td>0.455848</td>\n",
       "      <td>1.000000</td>\n",
       "      <td>0.476022</td>\n",
       "      <td>0.278490</td>\n",
       "      <td>0.033822</td>\n",
       "      <td>0.052329</td>\n",
       "      <td>0.038237</td>\n",
       "      <td>0.237256</td>\n",
       "      <td>0.348160</td>\n",
       "      <td>0.471212</td>\n",
       "      <td>0.489025</td>\n",
       "      <td>0.258151</td>\n",
       "      <td>0.246062</td>\n",
       "      <td>0.048427</td>\n",
       "      <td>0.022406</td>\n",
       "      <td>0.071392</td>\n",
       "    </tr>\n",
       "    <tr>\n",
       "      <th>T5</th>\n",
       "      <td>0.030234</td>\n",
       "      <td>0.019300</td>\n",
       "      <td>0.262878</td>\n",
       "      <td>0.476022</td>\n",
       "      <td>1.000000</td>\n",
       "      <td>0.433155</td>\n",
       "      <td>0.330928</td>\n",
       "      <td>0.332933</td>\n",
       "      <td>0.236081</td>\n",
       "      <td>0.007177</td>\n",
       "      <td>0.119032</td>\n",
       "      <td>0.174533</td>\n",
       "      <td>0.405102</td>\n",
       "      <td>0.501382</td>\n",
       "      <td>0.429927</td>\n",
       "      <td>0.256793</td>\n",
       "      <td>0.220226</td>\n",
       "      <td>0.186228</td>\n",
       "    </tr>\n",
       "    <tr>\n",
       "      <th>T6</th>\n",
       "      <td>0.021334</td>\n",
       "      <td>0.018229</td>\n",
       "      <td>0.114038</td>\n",
       "      <td>0.278490</td>\n",
       "      <td>0.433155</td>\n",
       "      <td>1.000000</td>\n",
       "      <td>0.330501</td>\n",
       "      <td>0.237779</td>\n",
       "      <td>0.168593</td>\n",
       "      <td>0.139390</td>\n",
       "      <td>0.127401</td>\n",
       "      <td>0.250021</td>\n",
       "      <td>0.465107</td>\n",
       "      <td>0.440233</td>\n",
       "      <td>0.517606</td>\n",
       "      <td>0.411038</td>\n",
       "      <td>0.269807</td>\n",
       "      <td>0.241190</td>\n",
       "    </tr>\n",
       "    <tr>\n",
       "      <th>T7</th>\n",
       "      <td>0.193447</td>\n",
       "      <td>0.209195</td>\n",
       "      <td>0.101489</td>\n",
       "      <td>0.033822</td>\n",
       "      <td>0.330928</td>\n",
       "      <td>0.330501</td>\n",
       "      <td>1.000000</td>\n",
       "      <td>0.585542</td>\n",
       "      <td>0.515266</td>\n",
       "      <td>0.260125</td>\n",
       "      <td>0.228382</td>\n",
       "      <td>0.185559</td>\n",
       "      <td>0.123272</td>\n",
       "      <td>0.587598</td>\n",
       "      <td>0.433164</td>\n",
       "      <td>0.534291</td>\n",
       "      <td>0.505067</td>\n",
       "      <td>0.517564</td>\n",
       "    </tr>\n",
       "    <tr>\n",
       "      <th>T8</th>\n",
       "      <td>0.326795</td>\n",
       "      <td>0.318018</td>\n",
       "      <td>0.134850</td>\n",
       "      <td>0.052329</td>\n",
       "      <td>0.332933</td>\n",
       "      <td>0.237779</td>\n",
       "      <td>0.585542</td>\n",
       "      <td>1.000000</td>\n",
       "      <td>0.738633</td>\n",
       "      <td>0.331374</td>\n",
       "      <td>0.254581</td>\n",
       "      <td>0.201931</td>\n",
       "      <td>0.007571</td>\n",
       "      <td>0.536997</td>\n",
       "      <td>0.375014</td>\n",
       "      <td>0.565784</td>\n",
       "      <td>0.696531</td>\n",
       "      <td>0.698322</td>\n",
       "    </tr>\n",
       "    <tr>\n",
       "      <th>T9</th>\n",
       "      <td>0.275912</td>\n",
       "      <td>0.286736</td>\n",
       "      <td>0.140588</td>\n",
       "      <td>0.038237</td>\n",
       "      <td>0.236081</td>\n",
       "      <td>0.168593</td>\n",
       "      <td>0.515266</td>\n",
       "      <td>0.738633</td>\n",
       "      <td>1.000000</td>\n",
       "      <td>0.342773</td>\n",
       "      <td>0.261851</td>\n",
       "      <td>0.194643</td>\n",
       "      <td>0.098870</td>\n",
       "      <td>0.456813</td>\n",
       "      <td>0.273975</td>\n",
       "      <td>0.510155</td>\n",
       "      <td>0.653178</td>\n",
       "      <td>0.736509</td>\n",
       "    </tr>\n",
       "    <tr>\n",
       "      <th>T10</th>\n",
       "      <td>0.631593</td>\n",
       "      <td>0.582062</td>\n",
       "      <td>0.324299</td>\n",
       "      <td>0.237256</td>\n",
       "      <td>0.007177</td>\n",
       "      <td>0.139390</td>\n",
       "      <td>0.260125</td>\n",
       "      <td>0.331374</td>\n",
       "      <td>0.342773</td>\n",
       "      <td>1.000000</td>\n",
       "      <td>0.698264</td>\n",
       "      <td>0.628207</td>\n",
       "      <td>0.261368</td>\n",
       "      <td>0.096804</td>\n",
       "      <td>0.046840</td>\n",
       "      <td>0.193373</td>\n",
       "      <td>0.234715</td>\n",
       "      <td>0.318558</td>\n",
       "    </tr>\n",
       "    <tr>\n",
       "      <th>T11</th>\n",
       "      <td>0.634893</td>\n",
       "      <td>0.545676</td>\n",
       "      <td>0.390235</td>\n",
       "      <td>0.348160</td>\n",
       "      <td>0.119032</td>\n",
       "      <td>0.127401</td>\n",
       "      <td>0.228382</td>\n",
       "      <td>0.254581</td>\n",
       "      <td>0.261851</td>\n",
       "      <td>0.698264</td>\n",
       "      <td>1.000000</td>\n",
       "      <td>0.657074</td>\n",
       "      <td>0.375706</td>\n",
       "      <td>0.010912</td>\n",
       "      <td>0.015577</td>\n",
       "      <td>0.115790</td>\n",
       "      <td>0.185201</td>\n",
       "      <td>0.265729</td>\n",
       "    </tr>\n",
       "    <tr>\n",
       "      <th>T12</th>\n",
       "      <td>0.549319</td>\n",
       "      <td>0.438613</td>\n",
       "      <td>0.449677</td>\n",
       "      <td>0.471212</td>\n",
       "      <td>0.174533</td>\n",
       "      <td>0.250021</td>\n",
       "      <td>0.185559</td>\n",
       "      <td>0.201931</td>\n",
       "      <td>0.194643</td>\n",
       "      <td>0.628207</td>\n",
       "      <td>0.657074</td>\n",
       "      <td>1.000000</td>\n",
       "      <td>0.390896</td>\n",
       "      <td>0.091069</td>\n",
       "      <td>0.096911</td>\n",
       "      <td>0.049092</td>\n",
       "      <td>0.194997</td>\n",
       "      <td>0.245272</td>\n",
       "    </tr>\n",
       "    <tr>\n",
       "      <th>T13</th>\n",
       "      <td>0.172072</td>\n",
       "      <td>0.282152</td>\n",
       "      <td>0.347594</td>\n",
       "      <td>0.489025</td>\n",
       "      <td>0.405102</td>\n",
       "      <td>0.465107</td>\n",
       "      <td>0.123272</td>\n",
       "      <td>0.007571</td>\n",
       "      <td>0.098870</td>\n",
       "      <td>0.261368</td>\n",
       "      <td>0.375706</td>\n",
       "      <td>0.390896</td>\n",
       "      <td>1.000000</td>\n",
       "      <td>0.255119</td>\n",
       "      <td>0.325818</td>\n",
       "      <td>0.124784</td>\n",
       "      <td>0.037246</td>\n",
       "      <td>0.020417</td>\n",
       "    </tr>\n",
       "    <tr>\n",
       "      <th>T14</th>\n",
       "      <td>0.068040</td>\n",
       "      <td>0.051051</td>\n",
       "      <td>0.098129</td>\n",
       "      <td>0.258151</td>\n",
       "      <td>0.501382</td>\n",
       "      <td>0.440233</td>\n",
       "      <td>0.587598</td>\n",
       "      <td>0.536997</td>\n",
       "      <td>0.456813</td>\n",
       "      <td>0.096804</td>\n",
       "      <td>0.010912</td>\n",
       "      <td>0.091069</td>\n",
       "      <td>0.255119</td>\n",
       "      <td>1.000000</td>\n",
       "      <td>0.535357</td>\n",
       "      <td>0.478623</td>\n",
       "      <td>0.488108</td>\n",
       "      <td>0.487865</td>\n",
       "    </tr>\n",
       "    <tr>\n",
       "      <th>T15</th>\n",
       "      <td>0.098197</td>\n",
       "      <td>0.181266</td>\n",
       "      <td>0.119221</td>\n",
       "      <td>0.246062</td>\n",
       "      <td>0.429927</td>\n",
       "      <td>0.517606</td>\n",
       "      <td>0.433164</td>\n",
       "      <td>0.375014</td>\n",
       "      <td>0.273975</td>\n",
       "      <td>0.046840</td>\n",
       "      <td>0.015577</td>\n",
       "      <td>0.096911</td>\n",
       "      <td>0.325818</td>\n",
       "      <td>0.535357</td>\n",
       "      <td>1.000000</td>\n",
       "      <td>0.512422</td>\n",
       "      <td>0.419549</td>\n",
       "      <td>0.356453</td>\n",
       "    </tr>\n",
       "    <tr>\n",
       "      <th>T16</th>\n",
       "      <td>0.244360</td>\n",
       "      <td>0.241650</td>\n",
       "      <td>0.092162</td>\n",
       "      <td>0.048427</td>\n",
       "      <td>0.256793</td>\n",
       "      <td>0.411038</td>\n",
       "      <td>0.534291</td>\n",
       "      <td>0.565784</td>\n",
       "      <td>0.510155</td>\n",
       "      <td>0.193373</td>\n",
       "      <td>0.115790</td>\n",
       "      <td>0.049092</td>\n",
       "      <td>0.124784</td>\n",
       "      <td>0.478623</td>\n",
       "      <td>0.512422</td>\n",
       "      <td>1.000000</td>\n",
       "      <td>0.578395</td>\n",
       "      <td>0.530496</td>\n",
       "    </tr>\n",
       "    <tr>\n",
       "      <th>T17</th>\n",
       "      <td>0.292204</td>\n",
       "      <td>0.333168</td>\n",
       "      <td>0.169834</td>\n",
       "      <td>0.022406</td>\n",
       "      <td>0.220226</td>\n",
       "      <td>0.269807</td>\n",
       "      <td>0.505067</td>\n",
       "      <td>0.696531</td>\n",
       "      <td>0.653178</td>\n",
       "      <td>0.234715</td>\n",
       "      <td>0.185201</td>\n",
       "      <td>0.194997</td>\n",
       "      <td>0.037246</td>\n",
       "      <td>0.488108</td>\n",
       "      <td>0.419549</td>\n",
       "      <td>0.578395</td>\n",
       "      <td>1.000000</td>\n",
       "      <td>0.677905</td>\n",
       "    </tr>\n",
       "    <tr>\n",
       "      <th>T18</th>\n",
       "      <td>0.297909</td>\n",
       "      <td>0.356767</td>\n",
       "      <td>0.138519</td>\n",
       "      <td>0.071392</td>\n",
       "      <td>0.186228</td>\n",
       "      <td>0.241190</td>\n",
       "      <td>0.517564</td>\n",
       "      <td>0.698322</td>\n",
       "      <td>0.736509</td>\n",
       "      <td>0.318558</td>\n",
       "      <td>0.265729</td>\n",
       "      <td>0.245272</td>\n",
       "      <td>0.020417</td>\n",
       "      <td>0.487865</td>\n",
       "      <td>0.356453</td>\n",
       "      <td>0.530496</td>\n",
       "      <td>0.677905</td>\n",
       "      <td>1.000000</td>\n",
       "    </tr>\n",
       "  </tbody>\n",
       "</table>\n",
       "</div>"
      ],
      "text/plain": [
       "           T1        T2        T3        T4        T5        T6        T7  \\\n",
       "T1   1.000000  0.558072  0.308536  0.274607  0.030234  0.021334  0.193447   \n",
       "T2   0.558072  1.000000  0.408509  0.280626  0.019300  0.018229  0.209195   \n",
       "T3   0.308536  0.408509  1.000000  0.455848  0.262878  0.114038  0.101489   \n",
       "T4   0.274607  0.280626  0.455848  1.000000  0.476022  0.278490  0.033822   \n",
       "T5   0.030234  0.019300  0.262878  0.476022  1.000000  0.433155  0.330928   \n",
       "T6   0.021334  0.018229  0.114038  0.278490  0.433155  1.000000  0.330501   \n",
       "T7   0.193447  0.209195  0.101489  0.033822  0.330928  0.330501  1.000000   \n",
       "T8   0.326795  0.318018  0.134850  0.052329  0.332933  0.237779  0.585542   \n",
       "T9   0.275912  0.286736  0.140588  0.038237  0.236081  0.168593  0.515266   \n",
       "T10  0.631593  0.582062  0.324299  0.237256  0.007177  0.139390  0.260125   \n",
       "T11  0.634893  0.545676  0.390235  0.348160  0.119032  0.127401  0.228382   \n",
       "T12  0.549319  0.438613  0.449677  0.471212  0.174533  0.250021  0.185559   \n",
       "T13  0.172072  0.282152  0.347594  0.489025  0.405102  0.465107  0.123272   \n",
       "T14  0.068040  0.051051  0.098129  0.258151  0.501382  0.440233  0.587598   \n",
       "T15  0.098197  0.181266  0.119221  0.246062  0.429927  0.517606  0.433164   \n",
       "T16  0.244360  0.241650  0.092162  0.048427  0.256793  0.411038  0.534291   \n",
       "T17  0.292204  0.333168  0.169834  0.022406  0.220226  0.269807  0.505067   \n",
       "T18  0.297909  0.356767  0.138519  0.071392  0.186228  0.241190  0.517564   \n",
       "\n",
       "           T8        T9       T10       T11       T12       T13       T14  \\\n",
       "T1   0.326795  0.275912  0.631593  0.634893  0.549319  0.172072  0.068040   \n",
       "T2   0.318018  0.286736  0.582062  0.545676  0.438613  0.282152  0.051051   \n",
       "T3   0.134850  0.140588  0.324299  0.390235  0.449677  0.347594  0.098129   \n",
       "T4   0.052329  0.038237  0.237256  0.348160  0.471212  0.489025  0.258151   \n",
       "T5   0.332933  0.236081  0.007177  0.119032  0.174533  0.405102  0.501382   \n",
       "T6   0.237779  0.168593  0.139390  0.127401  0.250021  0.465107  0.440233   \n",
       "T7   0.585542  0.515266  0.260125  0.228382  0.185559  0.123272  0.587598   \n",
       "T8   1.000000  0.738633  0.331374  0.254581  0.201931  0.007571  0.536997   \n",
       "T9   0.738633  1.000000  0.342773  0.261851  0.194643  0.098870  0.456813   \n",
       "T10  0.331374  0.342773  1.000000  0.698264  0.628207  0.261368  0.096804   \n",
       "T11  0.254581  0.261851  0.698264  1.000000  0.657074  0.375706  0.010912   \n",
       "T12  0.201931  0.194643  0.628207  0.657074  1.000000  0.390896  0.091069   \n",
       "T13  0.007571  0.098870  0.261368  0.375706  0.390896  1.000000  0.255119   \n",
       "T14  0.536997  0.456813  0.096804  0.010912  0.091069  0.255119  1.000000   \n",
       "T15  0.375014  0.273975  0.046840  0.015577  0.096911  0.325818  0.535357   \n",
       "T16  0.565784  0.510155  0.193373  0.115790  0.049092  0.124784  0.478623   \n",
       "T17  0.696531  0.653178  0.234715  0.185201  0.194997  0.037246  0.488108   \n",
       "T18  0.698322  0.736509  0.318558  0.265729  0.245272  0.020417  0.487865   \n",
       "\n",
       "          T15       T16       T17       T18  \n",
       "T1   0.098197  0.244360  0.292204  0.297909  \n",
       "T2   0.181266  0.241650  0.333168  0.356767  \n",
       "T3   0.119221  0.092162  0.169834  0.138519  \n",
       "T4   0.246062  0.048427  0.022406  0.071392  \n",
       "T5   0.429927  0.256793  0.220226  0.186228  \n",
       "T6   0.517606  0.411038  0.269807  0.241190  \n",
       "T7   0.433164  0.534291  0.505067  0.517564  \n",
       "T8   0.375014  0.565784  0.696531  0.698322  \n",
       "T9   0.273975  0.510155  0.653178  0.736509  \n",
       "T10  0.046840  0.193373  0.234715  0.318558  \n",
       "T11  0.015577  0.115790  0.185201  0.265729  \n",
       "T12  0.096911  0.049092  0.194997  0.245272  \n",
       "T13  0.325818  0.124784  0.037246  0.020417  \n",
       "T14  0.535357  0.478623  0.488108  0.487865  \n",
       "T15  1.000000  0.512422  0.419549  0.356453  \n",
       "T16  0.512422  1.000000  0.578395  0.530496  \n",
       "T17  0.419549  0.578395  1.000000  0.677905  \n",
       "T18  0.356453  0.530496  0.677905  1.000000  "
      ]
     },
     "execution_count": 14,
     "metadata": {},
     "output_type": "execute_result"
    }
   ],
   "source": [
    "corr_matrix = x_train.corr().abs()\n",
    "corr_matrix"
   ]
  },
  {
   "cell_type": "code",
   "execution_count": 25,
   "metadata": {},
   "outputs": [],
   "source": [
    "vif_data = pd.DataFrame()\n",
    "vif_data['Feature'] = x_train.columns\n",
    "vif_data['VIF'] = [variance_inflation_factor(x_train.values, i) for i in range(x_train.shape[1])]\n"
   ]
  },
  {
   "cell_type": "code",
   "execution_count": 26,
   "metadata": {},
   "outputs": [
    {
     "data": {
      "text/html": [
       "<div>\n",
       "<style scoped>\n",
       "    .dataframe tbody tr th:only-of-type {\n",
       "        vertical-align: middle;\n",
       "    }\n",
       "\n",
       "    .dataframe tbody tr th {\n",
       "        vertical-align: top;\n",
       "    }\n",
       "\n",
       "    .dataframe thead th {\n",
       "        text-align: right;\n",
       "    }\n",
       "</style>\n",
       "<table border=\"1\" class=\"dataframe\">\n",
       "  <thead>\n",
       "    <tr style=\"text-align: right;\">\n",
       "      <th></th>\n",
       "      <th>Feature</th>\n",
       "      <th>VIF</th>\n",
       "    </tr>\n",
       "  </thead>\n",
       "  <tbody>\n",
       "    <tr>\n",
       "      <th>0</th>\n",
       "      <td>T1</td>\n",
       "      <td>124.209742</td>\n",
       "    </tr>\n",
       "    <tr>\n",
       "      <th>1</th>\n",
       "      <td>T2</td>\n",
       "      <td>105.962802</td>\n",
       "    </tr>\n",
       "    <tr>\n",
       "      <th>2</th>\n",
       "      <td>T3</td>\n",
       "      <td>96.944854</td>\n",
       "    </tr>\n",
       "    <tr>\n",
       "      <th>3</th>\n",
       "      <td>T4</td>\n",
       "      <td>126.048338</td>\n",
       "    </tr>\n",
       "    <tr>\n",
       "      <th>4</th>\n",
       "      <td>T5</td>\n",
       "      <td>120.167316</td>\n",
       "    </tr>\n",
       "    <tr>\n",
       "      <th>5</th>\n",
       "      <td>T6</td>\n",
       "      <td>102.958101</td>\n",
       "    </tr>\n",
       "    <tr>\n",
       "      <th>6</th>\n",
       "      <td>T7</td>\n",
       "      <td>109.745413</td>\n",
       "    </tr>\n",
       "    <tr>\n",
       "      <th>7</th>\n",
       "      <td>T8</td>\n",
       "      <td>142.614626</td>\n",
       "    </tr>\n",
       "    <tr>\n",
       "      <th>8</th>\n",
       "      <td>T9</td>\n",
       "      <td>125.682692</td>\n",
       "    </tr>\n",
       "    <tr>\n",
       "      <th>9</th>\n",
       "      <td>T10</td>\n",
       "      <td>114.768940</td>\n",
       "    </tr>\n",
       "    <tr>\n",
       "      <th>10</th>\n",
       "      <td>T11</td>\n",
       "      <td>135.756508</td>\n",
       "    </tr>\n",
       "    <tr>\n",
       "      <th>11</th>\n",
       "      <td>T12</td>\n",
       "      <td>146.786976</td>\n",
       "    </tr>\n",
       "    <tr>\n",
       "      <th>12</th>\n",
       "      <td>T13</td>\n",
       "      <td>116.559866</td>\n",
       "    </tr>\n",
       "    <tr>\n",
       "      <th>13</th>\n",
       "      <td>T14</td>\n",
       "      <td>103.610572</td>\n",
       "    </tr>\n",
       "    <tr>\n",
       "      <th>14</th>\n",
       "      <td>T15</td>\n",
       "      <td>99.098359</td>\n",
       "    </tr>\n",
       "    <tr>\n",
       "      <th>15</th>\n",
       "      <td>T16</td>\n",
       "      <td>79.126814</td>\n",
       "    </tr>\n",
       "    <tr>\n",
       "      <th>16</th>\n",
       "      <td>T17</td>\n",
       "      <td>113.960697</td>\n",
       "    </tr>\n",
       "    <tr>\n",
       "      <th>17</th>\n",
       "      <td>T18</td>\n",
       "      <td>120.456716</td>\n",
       "    </tr>\n",
       "  </tbody>\n",
       "</table>\n",
       "</div>"
      ],
      "text/plain": [
       "   Feature         VIF\n",
       "0       T1  124.209742\n",
       "1       T2  105.962802\n",
       "2       T3   96.944854\n",
       "3       T4  126.048338\n",
       "4       T5  120.167316\n",
       "5       T6  102.958101\n",
       "6       T7  109.745413\n",
       "7       T8  142.614626\n",
       "8       T9  125.682692\n",
       "9      T10  114.768940\n",
       "10     T11  135.756508\n",
       "11     T12  146.786976\n",
       "12     T13  116.559866\n",
       "13     T14  103.610572\n",
       "14     T15   99.098359\n",
       "15     T16   79.126814\n",
       "16     T17  113.960697\n",
       "17     T18  120.456716"
      ]
     },
     "execution_count": 26,
     "metadata": {},
     "output_type": "execute_result"
    }
   ],
   "source": [
    "vif_data"
   ]
  },
  {
   "cell_type": "code",
   "execution_count": 27,
   "metadata": {},
   "outputs": [],
   "source": [
    "def calculate_vif(df):\n",
    "    vif_data = pd.DataFrame()\n",
    "    vif_data['Feature'] = df.columns\n",
    "    vif_data['VIF'] = [variance_inflation_factor(df.values, i) for i in range(df.shape[1])]\n",
    "    return vif_data"
   ]
  },
  {
   "cell_type": "code",
   "execution_count": 28,
   "metadata": {},
   "outputs": [
    {
     "name": "stdout",
     "output_type": "stream",
     "text": [
      "Removing T12 with VIF: 146.56158615439742\n",
      "Removing T8 with VIF: 142.06218513709345\n",
      "Removing T11 with VIF: 128.66684331155244\n",
      "Removing T4 with VIF: 120.44946125131715\n",
      "Removing T18 with VIF: 111.21219225876635\n",
      "Removing T5 with VIF: 106.09305492240141\n",
      "Removing T1 with VIF: 102.77578666469604\n",
      "Removing T7 with VIF: 97.58911669633\n",
      "Removing T6 with VIF: 96.70335154366977\n",
      "Removing T17 with VIF: 95.25373398461997\n",
      "Removing T2 with VIF: 90.22447985461051\n",
      "Removing T15 with VIF: 84.31152330954154\n",
      "Removing T13 with VIF: 74.52222174377843\n",
      "Removing T14 with VIF: 67.14903309234903\n",
      "Removing T3 with VIF: 53.80351736465309\n",
      "Removing T16 with VIF: 46.25953812112043\n",
      "Removing T9 with VIF: 15.175389413772923\n"
     ]
    },
    {
     "ename": "ValueError",
     "evalue": "zero-size array to reduction operation maximum which has no identity",
     "output_type": "error",
     "traceback": [
      "\u001b[1;31m---------------------------------------------------------------------------\u001b[0m",
      "\u001b[1;31mValueError\u001b[0m                                Traceback (most recent call last)",
      "Cell \u001b[1;32mIn[28], line 18\u001b[0m\n\u001b[0;32m     15\u001b[0m features \u001b[38;5;241m=\u001b[39m df\u001b[38;5;241m.\u001b[39mdrop(columns\u001b[38;5;241m=\u001b[39m[\u001b[38;5;124m'\u001b[39m\u001b[38;5;124mtarget\u001b[39m\u001b[38;5;124m'\u001b[39m])\n\u001b[0;32m     17\u001b[0m \u001b[38;5;66;03m# Reduce VIF\u001b[39;00m\n\u001b[1;32m---> 18\u001b[0m reduced_df, removed_features \u001b[38;5;241m=\u001b[39m \u001b[43mreduce_vif\u001b[49m\u001b[43m(\u001b[49m\u001b[43mfeatures\u001b[49m\u001b[43m)\u001b[49m\n\u001b[0;32m     19\u001b[0m \u001b[38;5;28mprint\u001b[39m(removed_features)\n",
      "Cell \u001b[1;32mIn[28], line 4\u001b[0m, in \u001b[0;36mreduce_vif\u001b[1;34m(df, threshold)\u001b[0m\n\u001b[0;32m      2\u001b[0m high_vif_features \u001b[38;5;241m=\u001b[39m []\n\u001b[0;32m      3\u001b[0m \u001b[38;5;28;01mwhile\u001b[39;00m \u001b[38;5;28;01mTrue\u001b[39;00m:\n\u001b[1;32m----> 4\u001b[0m     vif_data \u001b[38;5;241m=\u001b[39m \u001b[43mcalculate_vif\u001b[49m\u001b[43m(\u001b[49m\u001b[43mdf\u001b[49m\u001b[43m)\u001b[49m\n\u001b[0;32m      5\u001b[0m     max_vif \u001b[38;5;241m=\u001b[39m vif_data[\u001b[38;5;124m'\u001b[39m\u001b[38;5;124mVIF\u001b[39m\u001b[38;5;124m'\u001b[39m]\u001b[38;5;241m.\u001b[39mmax()\n\u001b[0;32m      6\u001b[0m     \u001b[38;5;28;01mif\u001b[39;00m max_vif \u001b[38;5;241m>\u001b[39m threshold:\n",
      "Cell \u001b[1;32mIn[27], line 4\u001b[0m, in \u001b[0;36mcalculate_vif\u001b[1;34m(df)\u001b[0m\n\u001b[0;32m      2\u001b[0m vif_data \u001b[38;5;241m=\u001b[39m pd\u001b[38;5;241m.\u001b[39mDataFrame()\n\u001b[0;32m      3\u001b[0m vif_data[\u001b[38;5;124m'\u001b[39m\u001b[38;5;124mFeature\u001b[39m\u001b[38;5;124m'\u001b[39m] \u001b[38;5;241m=\u001b[39m df\u001b[38;5;241m.\u001b[39mcolumns\n\u001b[1;32m----> 4\u001b[0m vif_data[\u001b[38;5;124m'\u001b[39m\u001b[38;5;124mVIF\u001b[39m\u001b[38;5;124m'\u001b[39m] \u001b[38;5;241m=\u001b[39m [variance_inflation_factor(df\u001b[38;5;241m.\u001b[39mvalues, i) \u001b[38;5;28;01mfor\u001b[39;00m i \u001b[38;5;129;01min\u001b[39;00m \u001b[38;5;28mrange\u001b[39m(df\u001b[38;5;241m.\u001b[39mshape[\u001b[38;5;241m1\u001b[39m])]\n\u001b[0;32m      5\u001b[0m \u001b[38;5;28;01mreturn\u001b[39;00m vif_data\n",
      "Cell \u001b[1;32mIn[27], line 4\u001b[0m, in \u001b[0;36m<listcomp>\u001b[1;34m(.0)\u001b[0m\n\u001b[0;32m      2\u001b[0m vif_data \u001b[38;5;241m=\u001b[39m pd\u001b[38;5;241m.\u001b[39mDataFrame()\n\u001b[0;32m      3\u001b[0m vif_data[\u001b[38;5;124m'\u001b[39m\u001b[38;5;124mFeature\u001b[39m\u001b[38;5;124m'\u001b[39m] \u001b[38;5;241m=\u001b[39m df\u001b[38;5;241m.\u001b[39mcolumns\n\u001b[1;32m----> 4\u001b[0m vif_data[\u001b[38;5;124m'\u001b[39m\u001b[38;5;124mVIF\u001b[39m\u001b[38;5;124m'\u001b[39m] \u001b[38;5;241m=\u001b[39m [\u001b[43mvariance_inflation_factor\u001b[49m\u001b[43m(\u001b[49m\u001b[43mdf\u001b[49m\u001b[38;5;241;43m.\u001b[39;49m\u001b[43mvalues\u001b[49m\u001b[43m,\u001b[49m\u001b[43m \u001b[49m\u001b[43mi\u001b[49m\u001b[43m)\u001b[49m \u001b[38;5;28;01mfor\u001b[39;00m i \u001b[38;5;129;01min\u001b[39;00m \u001b[38;5;28mrange\u001b[39m(df\u001b[38;5;241m.\u001b[39mshape[\u001b[38;5;241m1\u001b[39m])]\n\u001b[0;32m      5\u001b[0m \u001b[38;5;28;01mreturn\u001b[39;00m vif_data\n",
      "File \u001b[1;32mc:\\Users\\digvi\\anaconda3\\envs\\resolute\\lib\\site-packages\\statsmodels\\stats\\outliers_influence.py:197\u001b[0m, in \u001b[0;36mvariance_inflation_factor\u001b[1;34m(exog, exog_idx)\u001b[0m\n\u001b[0;32m    195\u001b[0m mask \u001b[38;5;241m=\u001b[39m np\u001b[38;5;241m.\u001b[39marange(k_vars) \u001b[38;5;241m!=\u001b[39m exog_idx\n\u001b[0;32m    196\u001b[0m x_noti \u001b[38;5;241m=\u001b[39m exog[:, mask]\n\u001b[1;32m--> 197\u001b[0m r_squared_i \u001b[38;5;241m=\u001b[39m \u001b[43mOLS\u001b[49m\u001b[43m(\u001b[49m\u001b[43mx_i\u001b[49m\u001b[43m,\u001b[49m\u001b[43m \u001b[49m\u001b[43mx_noti\u001b[49m\u001b[43m)\u001b[49m\u001b[38;5;241m.\u001b[39mfit()\u001b[38;5;241m.\u001b[39mrsquared\n\u001b[0;32m    198\u001b[0m vif \u001b[38;5;241m=\u001b[39m \u001b[38;5;241m1.\u001b[39m \u001b[38;5;241m/\u001b[39m (\u001b[38;5;241m1.\u001b[39m \u001b[38;5;241m-\u001b[39m r_squared_i)\n\u001b[0;32m    199\u001b[0m \u001b[38;5;28;01mreturn\u001b[39;00m vif\n",
      "File \u001b[1;32mc:\\Users\\digvi\\anaconda3\\envs\\resolute\\lib\\site-packages\\statsmodels\\regression\\linear_model.py:923\u001b[0m, in \u001b[0;36mOLS.__init__\u001b[1;34m(self, endog, exog, missing, hasconst, **kwargs)\u001b[0m\n\u001b[0;32m    920\u001b[0m     msg \u001b[38;5;241m=\u001b[39m (\u001b[38;5;124m\"\u001b[39m\u001b[38;5;124mWeights are not supported in OLS and will be ignored\u001b[39m\u001b[38;5;124m\"\u001b[39m\n\u001b[0;32m    921\u001b[0m            \u001b[38;5;124m\"\u001b[39m\u001b[38;5;124mAn exception will be raised in the next version.\u001b[39m\u001b[38;5;124m\"\u001b[39m)\n\u001b[0;32m    922\u001b[0m     warnings\u001b[38;5;241m.\u001b[39mwarn(msg, ValueWarning)\n\u001b[1;32m--> 923\u001b[0m \u001b[38;5;28;43msuper\u001b[39;49m\u001b[43m(\u001b[49m\u001b[43mOLS\u001b[49m\u001b[43m,\u001b[49m\u001b[43m \u001b[49m\u001b[38;5;28;43mself\u001b[39;49m\u001b[43m)\u001b[49m\u001b[38;5;241;43m.\u001b[39;49m\u001b[38;5;21;43m__init__\u001b[39;49m\u001b[43m(\u001b[49m\u001b[43mendog\u001b[49m\u001b[43m,\u001b[49m\u001b[43m \u001b[49m\u001b[43mexog\u001b[49m\u001b[43m,\u001b[49m\u001b[43m \u001b[49m\u001b[43mmissing\u001b[49m\u001b[38;5;241;43m=\u001b[39;49m\u001b[43mmissing\u001b[49m\u001b[43m,\u001b[49m\n\u001b[0;32m    924\u001b[0m \u001b[43m                          \u001b[49m\u001b[43mhasconst\u001b[49m\u001b[38;5;241;43m=\u001b[39;49m\u001b[43mhasconst\u001b[49m\u001b[43m,\u001b[49m\u001b[43m \u001b[49m\u001b[38;5;241;43m*\u001b[39;49m\u001b[38;5;241;43m*\u001b[39;49m\u001b[43mkwargs\u001b[49m\u001b[43m)\u001b[49m\n\u001b[0;32m    925\u001b[0m \u001b[38;5;28;01mif\u001b[39;00m \u001b[38;5;124m\"\u001b[39m\u001b[38;5;124mweights\u001b[39m\u001b[38;5;124m\"\u001b[39m \u001b[38;5;129;01min\u001b[39;00m \u001b[38;5;28mself\u001b[39m\u001b[38;5;241m.\u001b[39m_init_keys:\n\u001b[0;32m    926\u001b[0m     \u001b[38;5;28mself\u001b[39m\u001b[38;5;241m.\u001b[39m_init_keys\u001b[38;5;241m.\u001b[39mremove(\u001b[38;5;124m\"\u001b[39m\u001b[38;5;124mweights\u001b[39m\u001b[38;5;124m\"\u001b[39m)\n",
